C:\\\\Users\\\\alekl\\\\CLionProjects\\\\projekt\\\\user1.txt
C:\\Users\\alekl\\CLionProjects\\projekt\\cmake-build-debug\\user2.txt

user1 - haslo szyfrujace: ogorek
user2 - haslo szyfrujace: Meddle


0101000011011010000101111100110010011001100000111011001001101001
11111101111110011111100111100001
10100100110111001110100011001010101011001010000010110110
111110001111100111100011111000011111010110110100111101001111011110110000111010101111010111111011111101111111010011110101
11010111111101111111111111101010111101101111000110111110111110111111111111100000
111111111111010011110101111001101111000111010100111101111111010111110001111001001111011010111010111100111111011111111101
111000101111100111111110111010011111010111111001
111101111110101011101001
1010100110101001101000111011110011110000111111001111011010100000
1111100011111001111000111110000111110101101101001111010011110111101100001111111011101110111100011111000111110101
111000111110110011110101111011001111011110111010111100111111011111111101
111000001111010011110001111101001111111111100110
111000101111100111111110111010011111010111111001
111000111110001011111011111000101111011011110101
111100011111111111110001111000111111110111111010101101101010101010111101101111001100010110100000
1111100011111001111000111110000111110101101101001111010011110111101100001111100111111111111101011111110111101011
110111011111000111110011111111111111010111100111111111111111111011100100101011011100111011110001111100011111010111100011
111000111010100110100010101111111010110010100110
111000101111100111111110111010011111010111111001

0101000011011010000101111100110010011001100000111011001001101001
11111101111110011111100111100001
10100100110111001110100011001010101011001010000010110110
111110001111100111100011111000011111010110110100111101001111011110110000111010101111010111111011111101111111010011110101
11010111111101111111111111101010111101101111000110111110111110111111111111100000
111111111111010011110101111001101111000111010100111101111111010111110001111001001111011010111010111100111111011111111101
16111000101111100111111110111010011111010111111001
111101111110101011101001
1010100110101001101000111011110011110000111111001111011010100000
1111100011111001111000111110000111110101101101001111010011110111101100001111111011101110111100011111000111110101
111000111110110011110101111011001111011110111010111100111111011111111101
111000001111010011110001111101001111111111100110
49111000101111100111111110111010011111010111111001
111000111110001011111011111000101111011011110101
111100011111111111110001111000111111110111111010101101101010101010111101101111001100010110100000
1111100011111001111000111110000111110101101101001111010011110111101100001111100111111111111101011111110111101011
110111011111000111110011111111111111010111100111111111111111111011100100101011011100111011110001111100011111010111100011
111000111010100110100010101111111010110010100110
58111000101111100111111110111010011111010111111001
111111011110110111101010111101001111000111110101
11110001111111101111000111101010111011011110001010110011101010101010000110111000
11111000111110011110001111100001111101011011010011110100111101111011000011111110111010101111101111100100111100011111011011110100
11100011111010001111111111111001111100111111001011101001
11111101111111011111110011100010111101111111010111111110101011001010001010111101
111000101111100111111110111010011111010111111001
111000111110001011111011111000101111011011110101
11110001111100011111011111101100111111011111101010110001110110001011010010101100101111111111001011110001
11111000111110011110001111100001111101011011010011110100111101111011000011101001111100111110011111110011111101111110001011101001
11110100111100011110001111101110111101011110011011110100
111111001111011111110111111001001111010011001011110011111010100110100101101111001010100110100001
111000101111100111111110111010011111010111111001
111000111111011111110011111001001111101111111000101100001111010111110101111010011111001111110101
111100011111001111110111111000001111000110100110111110111110110010100001111010101100010110100101
111110001111100111100011111000011111010110110100111101001111011110110000111010111111101111110111111101011111101011111111111000101111000111110101
111101101111100111110011111010001111100011111011111111111111001110111110111011101111010111111001
11110110111110011111001111101000110101111111010111111110
111000101111100111111110111010011111010111111001
111000111111011111110011111001001111101111111000101100001111010111110101111010011111001111110101
11110110111101101111101011100111101010001111101011100100101010101011101010111111
11111000111110011110001111100001111101011011010011110100111101111011000011100100111101001110011111100100111110011111011111111111111110111111100111110001
11111001111101101110001111111001111110111111001111100010111110011111110110100011111110011111101111111101
11110001111011001111010111100011111110011110110111111010111101101110100111001110111000001111100011111111111011111111100111101000111100011010110010101000
111000101111100111111110111010011111010111111001
