1000101101101011111010000110001101011101111001111101011001111111
11010100111100111111010111111010111111011110100111010111
111110011101101111110101111111001010001010100011100010011111110011111010
1101101011111011111010001111011111111100101110101101011011110101101110111111100111110010111101001101100111101111
1111111111111000111110101111010111111000
11011110111101011111110011110010111111011100010111010110111101011101100111111010111111011111000111000111
15151522110000001111101111110101111111111111110011110111
110000101111010111111000111000011110011111111011
1101110011110000111100001111010111110010
110110101111101111101000111101111111110010111010110101101111010110111011111111001111110011110101110101011111011011111110
11011111111110111111001011110111
110111101111010111111100111100101111110111011010110101011111011111111010111100101111111110110100110100011111010111110110
59595908110000001111101111110101111111111111110011110111
110000011110111011101001111111101111001011110111110110111111010011111100
100110111010001011110010111100101111101011110011110110111111101111111100
1101101011111011111010001111011111111100101110101101011011110101101110111111010111110110111011101101010011110110111100101110001111110010
11011100111111111110111111111101111111111111001111001010
11011110111101011111110011110010111111011100010111010110111101011100010011110101111101101110111011010100111101101111001011100011
42423501110000001111101111110101111111111111110011110111
110000011110111011101001111111101111001011110111110110111111010011111100
11011011111101011111011111110001111101011111001110011010
110110101111101111101000111101111111110010111010110101101111010110111011111100111111000111110101
110110101111100011110100
11011110111101011111110011110010111111011111111011011101111100101111100111110100
110000001111101111110101111111111111110011110111
110000011110111011101001111111101111001011110111110110111111010011111100
11111011110101011010001111000100111111111111001111011101111010011111000011101010
110110101111101111101000111101111111110010111010110101101111010110111011111110101111111011111011110010001111010111110101101110111110001111101000110110111111011111111110
110100111111011111111010111000011111110011110100100100101110101011101001111100101111111011111111
110100111111011111111010111000011111110011110100110100011110000011100010111100001010011010101110
110000001111101111110101111111111111110011110111
110000011110111011101001111111101111001011110111110110111111010011111100
110010101101010011101010111011001100001111011011111010111111000110111000111010101110000110101111
11011010111110111110100011110111111111001011101011010110111101011011101111110011111001101111011011000111
11111010111011111111011111101110
110110011111010011111101111110101111111111110101110101011111001111110101
110000001111101111110101111111111111110011110111
110000011110111011101110111111111111101011111011
11001010110101001110101011101100110000111101101111101011111100011011100011101010111000011010111111001010
1101101011111011111010001111011111111100101110101101011011110101101110111111110011110010111100011101100111110101
1111010111111011111100001111000011111100
110000011010100010101100101011011010001010101101
110000001111101111110101111111111111110011110111
110000011110111011101110111111111111101011111011
1101100111111011111111001111000011111101111111011001100010101000111011111111010111110010
1101101011111011111010001111011111111100101110101101011011110101101110111100111111110110111110111101111111101001
1100011011111111111110101111011011100000
11000001101010001010110010101010101010111010001110000011
110000001111101111110101111111111111110011110111
